cameraMatrix Output 3x3 floating-point camera matrix A = [fx 0 cx; 0 fy cy; 0 0 1]
distCoeffs Output vector of distortion coefficients [k1,k2,p1,p2,k3,k4,k5,k6,s1,s2,s3,s4,taux,tauy] of 4, 5, 8, 12 or 14 elements.

camera_matrix:
- - 1154.750434589455
  - 0.0
  - 526.5754249948229
- - 0.0
  - 1247.6825269299466
  - 355.7638972012431
- - 0.0
  - 0.0
  - 1.0
dist_coeff:
- - 0.022413448552163165
  - 0.45232504867808826
  - 0.0018668049686597985
  - 0.006365405276951203
  - -2.9338472639395903

Center
camera_matrix:
- - 9513.46494005822
  - 0.0
  - 646.9172490013566
- - 0.0
  - 9549.54561225947
  - 392.157158737361
- - 0.0
  - 0.0
  - 1.0
dist_coeff:
- - -6.385275169878576
  - 17.928627121297946
  - -0.047819943842772016
  - -0.08170086752153691
  - 0.017326154733256462

Center 30 collect 29/06/23
camera_matrix:
- - 6607.748258377348
  - 0.0
  - 639.8970745700326
- - 0.0
  - 6570.1833466367425
  - 359.50101657816776
- - 0.0
  - 0.0
  - 1.0
dist_coeff:
- - -4.672212006970296
  - -0.004287565633653845
  - 0.006690982909342925
  - -0.0011374104776138377
  - -2.1857041691696174e-06


Center 50 collect 03/07/23

