camera_matrix:
- - 1154.750434589455
  - 0.0
  - 526.5754249948229
- - 0.0
  - 1247.6825269299466
  - 355.7638972012431
- - 0.0
  - 0.0
  - 1.0
dist_coeff:
- - 0.022413448552163165
  - 0.45232504867808826
  - 0.0018668049686597985
  - 0.006365405276951203
  - -2.9338472639395903
