camera_matrix:
- - 936.9113823890372
  - 0.0
  - 596.7487663280564
- - 0.0
  - 939.706125396808
  - 351.0525858113245
- - 0.0
  - 0.0
  - 1.0
dist_coeff:
- - -0.16263642903386477
  - 5.092664269509474
  - 0.004748039013487388
  - -0.018869699324102374
  - -51.702044450745575
